0 0.67734375 0.76953125 0.06875 0.1171875
0 0.7984375 0.715625 0.0953125 0.10625
0 0.90078125 0.68125 0.0859375 0.1
0 0.68203125 0.6 0.0921875 0.1015625
0 0.721875 0.48046875 0.1171875 0.090625
0 0.3484375 0.78203125 0.096875 0.1171875
0 0.31484375 0.66640625 0.0453125 0.08125
0 0.12890625 0.3484375 0.08125 0.0890625
0 0.0625 0.246875 0.0859375 0.1203125
0 0.04765625 0.16953125 0.09375 0.0984375
0 0.17734375 0.0984375 0.1 0.096875
0 0.18828125 0.22265625 0.071875 0.125
0 0.25625 0.15 0.0875 0.1140625
0 0.28203125 0.25234375 0.0671875 0.103125
0 0.31328125 0.3796875 0.090625 0.1
0 0.409375 0.4421875 0.0890625 0.1296875
0 0.51796875 0.37734375 0.1046875 0.1078125
0 0.403125 0.6921875 0.0765625 0.0875
0 0.48984375 0.66796875 0.1828125 0.2875
0 0.584375 0.496875 0.0765625 0.0796875