0 0.503125 0.503125 0.1421875 0.1203125
0 0.65078125 0.5640625 0.0703125 0.103125
0 0.89140625 0.4515625 0.140625 0.1359375
0 0.72578125 0.390625 0.1234375 0.1125
0 0.6671875 0.459375 0.0921875 0.0875
0 0.60390625 0.484375 0.078125 0.09375
0 0.709375 0.696875 0.1046875 0.103125
0 0.8078125 0.80390625 0.0953125 0.096875
0 0.71875 0.8328125 0.090625 0.0828125
0 0.58046875 0.85 0.1 0.115625
0 0.475 0.6953125 0.08125 0.1
0 0.7046875 0.11953125 0.13125 0.109375
0 0.4046875 0.3953125 0.0921875 0.1140625
0 0.33046875 0.43671875 0.09375 0.0984375
0 0.3328125 0.5421875 0.0890625 0.0890625
0 0.37265625 0.6875 0.1015625 0.140625
0 0.1296875 0.58203125 0.159375 0.1359375
0 0.16484375 0.63359375 0.0671875 0.084375
0 0.259375 0.534375 0.0703125 0.071875
0 0.1703125 0.51015625 0.0859375 0.0671875
0 0.071875 0.38515625 0.140625 0.1453125
0 0.20859375 0.7625 0.078125 0.1
0 0.11640625 0.78046875 0.0875 0.0765625
0 0.04609375 0.828125 0.0921875 0.1
0 0.18828125 0.87265625 0.1015625 0.1109375
0 0.4640625 0.97109375 0.06875 0.0578125