0 0.628125 0.20390625 0.05078125 0.11015625
0 0.75625 0.2359375 0.0796875 0.09453125
0 0.86328125 0.2515625 0.071875 0.0890625
0 0.66171875 0.3703125 0.078125 0.08984375
0 0.721875 0.48046875 0.10546875 0.0734375
0 0.3015625 0.2484375 0.08046875 0.10546875
0 0.2890625 0.36796875 0.03203125 0.07734375
0 0.1609375 0.7140625 0.06796875 0.07890625
0 0.11328125 0.825 0.06796875 0.1109375
0 0.11171875 0.90390625 0.0796875 0.0859375
0 0.25234375 0.9515625 0.08671875 0.0828125
0 0.24140625 0.82734375 0.05234375 0.1171875
0 0.3203125 0.88671875 0.07109375 0.103125
0 0.328125 0.78203125 0.0515625 0.09609375
0 0.33671875 0.65078125 0.07734375 0.0875
0 0.42109375 0.57265625 0.06953125 0.11953125
0 0.5390625 0.61796875 0.0890625 0.09453125
0 0.37109375 0.32734375 0.06484375 0.07734375
0 0.4609375 0.33671875 0.1390625 0.26796875
0 0.58359375 0.48828125 0.06640625 0.06875