0 0.21015625 0.434375 0.1125 0.1078125
0 0.2328125 0.321875 0.1296875 0.09609375
0 0.24765625 0.259375 0.07265625 0.0671875
0 0.06484375 0.1953125 0.0796875 0.08046875
0 0.8453125 0.50625 0.09453125 0.09140625
0 0.28515625 0.546875 0.04453125 0.1203125
0 0.38671875 0.61328125 0.06484375 0.0859375
0 0.3328125 0.22734375 0.08984375 0.12734375
0 0.33046875 0.3890625 0.05859375 0.0953125
0 0.71640625 0.38359375 0.075 0.090625
0 0.4109375 0.43203125 0.0375 0.10390625
0 0.48515625 0.3828125 0.07109375 0.18359375
0 0.09453125 0.590625 0.165625 0.33203125
0 0.42421875 0.09453125 0.09609375 0.17578125
0 0.5421875 0.15390625 0.05625 0.1515625
0 0.63828125 0.10625 0.0796875 0.1046875
0 0.6015625 0.63828125 0.2546875 0.296875
0 0.9234375 0.19921875 0.15234375 0.140625
0 0.84609375 0.05703125 0.09921875 0.053125