0 0.49609375 0.50234375 0.125 0.09375
0 0.3375 0.51953125 0.05 0.0953125
0 0.13671875 0.3453125 0.11875 0.1125
0 0.31328125 0.3328125 0.10625 0.090625
0 0.35078125 0.41484375 0.078125 0.071875
0 0.4046875 0.45625 0.0609375 0.08125
0 0.24453125 0.63125 0.0875 0.084375
0 0.1203125 0.7078125 0.0796875 0.0796875
0 0.19765625 0.759375 0.078125 0.0671875
0 0.3265625 0.8140625 0.078125 0.1
0 0.4703125 0.69453125 0.0625 0.0890625
0 0.0453125 0.08671875 0.0453125 0.1015625
0 0.4078125 0.078125 0.115625 0.084375
0 0.62109375 0.42578125 0.0703125 0.1015625
0 0.68046875 0.4859375 0.0765625 0.0828125
0 0.64921875 0.58671875 0.075 0.0734375
0 0.5703125 0.715625 0.0734375 0.128125
0 0.83359375 0.68046875 0.1390625 0.1078125
0 0.78515625 0.7203125 0.05 0.075
0 0.721875 0.59921875 0.0578125 0.059375
0 0.8140625 0.60078125 0.078125 0.05
0 0.9421875 0.5078125 0.115625 0.121875
0 0.7078125 0.8328125 0.0578125 0.0890625
0 0.79140625 0.87578125 0.0765625 0.059375
0 0.865625 0.94609375 0.11875 0.0734375
0 0.696875 0.94375 0.08125 0.09375
0 0.403125 0.9671875 0.0578125 0.05625