0 0.85390625 0.628125 0.2015625 0.2671875
0 0.73984375 0.34765625 0.2546875 0.246875
0 0.77421875 0.1984375 0.1546875 0.2546875
0 0.6421875 0.0859375 0.1953125 0.1640625
0 0.41640625 0.4578125 0.1765625 0.3515625
0 0.715625 0.58125 0.184375 0.2734375
0 0.74765625 0.77421875 0.134375 0.128125
0 0.634375 0.86953125 0.134375 0.2328125
0 0.378125 0.79609375 0.15 0.2875
0 0.26171875 0.67578125 0.196875 0.3609375
0 0.16796875 0.40390625 0.1875 0.3484375
0 0.5875 0.66015625 0.1375 0.2046875
0 0.51796875 0.7625 0.146875 0.1703125
0 0.51015625 0.90078125 0.1734375 0.1984375
0 0.09765625 0.771875 0.1 0.115625
0 0.06015625 0.5640625 0.1203125 0.159375
0 0.07421875 0.3984375 0.1484375 0.16875