0 0.87578125 0.49375 0.175 0.2546875
0 0.67734375 0.721875 0.234375 0.2265625
0 0.6609375 0.87421875 0.128125 0.246875
0 0.49921875 0.93203125 0.1828125 0.1359375
0 0.4078125 0.51328125 0.1375 0.346875
0 0.7296875 0.49375 0.1578125 0.2625
0 0.8234375 0.32109375 0.1234375 0.1171875
0 0.74765625 0.19453125 0.109375 0.2265625
0 0.48125 0.18046875 0.11875 0.2828125
0 0.33125 0.25625 0.1578125 0.353125
0 0.1546875 0.4828125 0.15 0.3421875
0 0.634375 0.3765625 0.1171875 0.196875
0 0.60234375 0.2578125 0.13125 0.159375
0 0.64140625 0.12265625 0.15625 0.1875
0 0.20859375 0.11171875 0.0890625 0.1078125
0 0.10390625 0.2953125 0.109375 0.15
0 0.06640625 0.45625 0.1328125 0.15625