0 0.34921875 0.74765625 0.1078125 0.12734375
0 0.34609375 0.6328125 0.1578125 0.11015625
0 0.35390625 0.52265625 0.11328125 0.1203125
0 0.15859375 0.7765625 0.14375 0.1453125
0 0.59765625 0.2875 0.07421875 0.1890625
0 0.6890625 0.68984375 0.1109375 0.13671875
0 0.70234375 0.5484375 0.059375 0.13125
0 0.44375 0.88828125 0.09375 0.09453125
0 0.47578125 0.76953125 0.12890625 0.1
0 0.81875 0.646875 0.08828125 0.1515625
0 0.81328125 0.4234375 0.1203125 0.0875
0 0.77734375 0.3015625 0.0546875 0.1046875
0 0.059375 0.8609375 0.11796875 0.10546875
0 0.79140625 0.1734375 0.1078125 0.109375
0 0.8046875 0.0625 0.1234375 0.0875