0 0.35625 0.2109375 0.05625 0.1125
0 0.23046875 0.25 0.084375 0.0984375
0 0.12421875 0.27109375 0.0765625 0.0921875
0 0.33203125 0.37890625 0.0828125 0.09375
0 0.27734375 0.4921875 0.109375 0.078125
0 0.68515625 0.23828125 0.0859375 0.109375
0 0.70390625 0.35703125 0.0359375 0.0796875
0 0.85 0.69609375 0.071875 0.0828125
0 0.903125 0.8046875 0.0734375 0.1140625
0 0.90859375 0.8828125 0.084375 0.090625
0 0.77109375 0.93828125 0.090625 0.0875
0 0.775 0.81328125 0.0578125 0.1203125
0 0.7 0.8765625 0.0765625 0.10625
0 0.68671875 0.77265625 0.05625 0.0984375
0 0.67109375 0.6421875 0.08125 0.0921875
0 0.5828125 0.56875 0.075 0.1234375
0 0.4671875 0.61953125 0.09375 0.0984375
0 0.61953125 0.32109375 0.06875 0.08125
0 0.53046875 0.33515625 0.153125 0.275
0 0.415625 0.49296875 0.0703125 0.071875