0 0.6953125 0.2859375 0.1296875 0.1453125
0 0.6765625 0.39921875 0.1765625 0.1375
0 0.64765625 0.50546875 0.134375 0.1390625
0 0.88828125 0.29375 0.16875 0.1703125
0 0.36328125 0.68984375 0.109375 0.2
0 0.35078125 0.27734375 0.134375 0.1546875
0 0.3109375 0.4140625 0.0828125 0.140625
0 0.6296875 0.1296875 0.109375 0.1109375
0 0.575 0.23984375 0.1453125 0.1234375
0 0.21484375 0.2953125 0.115625 0.165625
0 0.178125 0.515625 0.134375 0.109375
0 0.18984375 0.6421875 0.0734375 0.1125
0 0.96640625 0.22890625 0.0671875 0.1265625
0 0.1515625 0.76484375 0.1265625 0.128125
0 0.1171875 0.87109375 0.1375 0.109375