0 0.49609375 0.49765625 0.1234375 0.09140625
0 0.3375 0.47734375 0.04765625 0.09453125
0 0.134375 0.6484375 0.11640625 0.11015625
0 0.31015625 0.6640625 0.1046875 0.0890625
0 0.34921875 0.5828125 0.0765625 0.0703125
0 0.40390625 0.5421875 0.059375 0.08046875
0 0.246875 0.3640625 0.08671875 0.0828125
0 0.12421875 0.2859375 0.078125 0.07890625
0 0.20234375 0.23515625 0.0765625 0.065625
0 0.33203125 0.1828125 0.0765625 0.09921875
0 0.4734375 0.3046875 0.0609375 0.0875
0 0.03828125 0.90546875 0.04375 0.1015625
0 0.40078125 0.9203125 0.1140625 0.0828125
0 0.61953125 0.5765625 0.06796875 0.1
0 0.68046875 0.5171875 0.075 0.08203125
0 0.65078125 0.415625 0.0734375 0.071875
0 0.57421875 0.2859375 0.07109375 0.12734375
0 0.83671875 0.325 0.1375 0.1046875
0 0.7890625 0.284375 0.04921875 0.0734375
0 0.7234375 0.4046875 0.05703125 0.05859375
0 0.815625 0.4046875 0.0765625 0.0484375
0 0.94296875 0.5 0.11328125 0.1203125
0 0.71328125 0.17109375 0.05703125 0.0875
0 0.79765625 0.1296875 0.075 0.05859375
0 0.8734375 0.06015625 0.11796875 0.071875
0 0.7046875 0.059375 0.0796875 0.09296875
0 0.4109375 0.03125 0.05703125 0.0546875