0 0.10546875 0.7 0.09375 0.09453125
0 0.13046875 0.521875 0.06796875 0.13046875
0 0.20390625 0.45 0.07265625 0.0828125
0 0.2484375 0.4109375 0.0421875 0.11796875
0 0.27890625 0.9671875 0.0515625 0.065625
0 0.38515625 0.971875 0.10625 0.05546875
0 0.5484375 0.971875 0.13125 0.05546875
0 0.86953125 0.9234375 0.0671875 0.12421875
0 0.58125 0.84765625 0.08984375 0.08046875
0 0.675 0.73359375 0.06875 0.090625
0 0.565625 0.68359375 0.03203125 0.07265625
0 0.40390625 0.625 0.046875 0.11484375
0 0.9 0.5203125 0.09609375 0.09296875
0 0.946875 0.29921875 0.10546875 0.090625
0 0.68515625 0.40234375 0.1109375 0.0640625
0 0.65078125 0.61171875 0.05546875 0.13203125
0 0.5421875 0.4984375 0.07890625 0.07265625
0 0.38515625 0.2734375 0.10234375 0.06796875
0 0.4203125 0.16640625 0.053125 0.09921875
0 0.4890625 0.209375 0.0484375 0.07734375
0 0.578125 0.1546875 0.084375 0.075
0 0.44453125 0.371875 0.0875 0.09296875
0 0.76015625 0.0453125 0.08359375 0.07578125
0 0.940625 0.15 0.06171875 0.1078125
0 0.8359375 0.20703125 0.1109375 0.08515625