0 0.1265625 0.4546875 0.15078125 0.23984375
0 0.30078125 0.70234375 0.2140625 0.2046875
0 0.30078125 0.85546875 0.103125 0.2375
0 0.4546875 0.93515625 0.1703125 0.1296875
0 0.590625 0.52265625 0.103125 0.3375
0 0.271875 0.46953125 0.13203125 0.25
0 0.196875 0.28828125 0.11328125 0.10546875
0 0.2859375 0.1703125 0.08671875 0.21875
0 0.55234375 0.184375 0.08984375 0.27421875
0 0.69296875 0.275 0.12265625 0.34140625
0 0.8453125 0.51875 0.11640625 0.33125
0 0.37890625 0.36328125 0.0984375 0.1875
0 0.4234375 0.2484375 0.11640625 0.1484375
0 0.3984375 0.11015625 0.13828125 0.17421875
0 0.83046875 0.14453125 0.0796875 0.1
0 0.915625 0.3375 0.09453125 0.14140625
0 0.93828125 0.50234375 0.12265625 0.14453125