0 0.6796875 0.72734375 0.121875 0.1390625
0 0.66875 0.61328125 0.1703125 0.128125
0 0.64765625 0.5046875 0.1265625 0.1328125
0 0.87265625 0.7328125 0.1609375 0.1625
0 0.37734375 0.30078125 0.096875 0.196875
0 0.33515625 0.71171875 0.1265625 0.15
0 0.3046875 0.57265625 0.075 0.1375
0 0.603125 0.87890625 0.1046875 0.1046875
0 0.55703125 0.76484375 0.140625 0.115625
0 0.2015625 0.684375 0.10625 0.1609375
0 0.1796875 0.4625 0.1296875 0.1015625
0 0.20078125 0.33671875 0.0671875 0.1109375
0 0.9578125 0.8046875 0.084375 0.11875
0 0.17109375 0.21171875 0.1203125 0.121875
0 0.14453125 0.103125 0.1328125 0.1015625