0 0.93125 0.5984375 0.1140625 0.1140625
0 0.8640625 0.43203125 0.096875 0.14375
0 0.775 0.3796875 0.090625 0.0984375
0 0.72265625 0.35234375 0.06875 0.125
0 0.82734375 0.9 0.065625 0.0765625
0 0.72578125 0.9296875 0.1171875 0.0796875
0 0.5671875 0.96328125 0.140625 0.0734375
0 0.24296875 0.965625 0.0953125 0.06875
0 0.50546875 0.85703125 0.10625 0.1
0 0.38671875 0.76875 0.0890625 0.1046875
0 0.48046875 0.69375 0.0484375 0.078125
0 0.6234375 0.59765625 0.0734375 0.1234375
0 0.11640625 0.61640625 0.115625 0.1140625
0 0.03984375 0.41328125 0.0796875 0.1140625
0 0.296875 0.45 0.1234375 0.0890625
0 0.38046875 0.64453125 0.0859375 0.1421875
0 0.45859375 0.50859375 0.09375 0.0890625
0 0.55625 0.25234375 0.115625 0.090625
0 0.496875 0.15703125 0.075 0.109375
0 0.440625 0.215625 0.065625 0.0875
0 0.340625 0.18359375 0.1 0.09375
0 0.52265625 0.3625 0.1078125 0.1109375
0 0.1375 0.121875 0.1 0.09375
0 0.01484375 0.26640625 0.0296875 0.1203125
0 0.103125 0.296875 0.128125 0.109375