0 0.2125 0.42421875 0.115625 0.1109375
0 0.2390625 0.3125 0.1328125 0.1
0 0.25625 0.25078125 0.075 0.0703125
0 0.07578125 0.18046875 0.0828125 0.0828125
0 0.84453125 0.51796875 0.0984375 0.0953125
0 0.28359375 0.5390625 0.0484375 0.121875
0 0.3828125 0.609375 0.0671875 0.0875
0 0.3421875 0.221875 0.09375 0.1296875
0 0.334375 0.38359375 0.0625 0.096875
0 0.7203125 0.39140625 0.078125 0.09375
0 0.41328125 0.42890625 0.040625 0.1046875
0 0.4890625 0.38203125 0.078125 0.1859375
0 0.09140625 0.5765625 0.1765625 0.3375
0 0.43828125 0.0921875 0.1015625 0.1796875
0 0.55390625 0.15546875 0.0609375 0.153125
0 0.6515625 0.1109375 0.0828125 0.1078125
0 0.596875 0.64140625 0.265625 0.30625
0 0.92734375 0.21328125 0.1453125 0.1453125
0 0.86171875 0.06953125 0.1015625 0.05625