0 0.23984375 0.37890625 0.06875 0.1375
0 0.196875 0.534375 0.09921875 0.12265625
0 0.1109375 0.70390625 0.14453125 0.1609375
0 0.2875 0.82109375 0.0875 0.18359375
0 0.04453125 0.3203125 0.08828125 0.20234375
0 0.10078125 0.13046875 0.11640625 0.1609375
0 0.37421875 0.33828125 0.09375 0.1734375
0 0.46953125 0.234375 0.07421875 0.14921875
0 0.6015625 0.45546875 0.14375 0.253125
0 0.6671875 0.2078125 0.1234375 0.1578125
0 0.83203125 0.29140625 0.096875 0.09375
0 0.74453125 0.41640625 0.0859375 0.0484375