0 0.18359375 0.6921875 0.08515625 0.12734375
0 0.3765625 0.6640625 0.05859375 0.10078125
0 0.37578125 0.578125 0.09765625 0.0953125
0 0.4640625 0.48359375 0.034375 0.14921875
0 0.47578125 0.66796875 0.03046875 0.1390625
0 0.51953125 0.5421875 0.0453125 0.08828125
0 0.5734375 0.62421875 0.06875 0.0984375
0 0.5890625 0.49609375 0.03984375 0.096875
0 0.43671875 0.7328125 0.03203125 0.1203125
0 0.49453125 0.79765625 0.08046875 0.08515625
0 0.5671875 0.765625 0.05 0.13359375
0 0.62734375 0.69453125 0.04765625 0.103125
0 0.65859375 0.57734375 0.05859375 0.11953125