0 0.18359375 0.6921875 0.084375 0.128125
0 0.3765625 0.6640625 0.059375 0.1
0 0.37578125 0.578125 0.096875 0.0953125
0 0.4640625 0.48359375 0.034375 0.15
0 0.47578125 0.66796875 0.03125 0.1390625
0 0.51953125 0.5421875 0.0453125 0.0875
0 0.5734375 0.62421875 0.06875 0.0984375
0 0.5890625 0.49609375 0.040625 0.096875
0 0.43671875 0.7328125 0.03125 0.1203125
0 0.49453125 0.79765625 0.08125 0.084375
0 0.5671875 0.765625 0.05 0.134375
0 0.62734375 0.69453125 0.046875 0.103125
0 0.65859375 0.57734375 0.059375 0.11875