0 0.890625 0.29296875 0.0953125 0.096875
0 0.86875 0.471875 0.0703125 0.13125
0 0.796875 0.54453125 0.0734375 0.084375
0 0.753125 0.584375 0.04375 0.11875
0 0.7125 0.03125 0.053125 0.0625
0 0.60546875 0.02734375 0.1078125 0.0546875
0 0.44296875 0.02890625 0.1328125 0.0578125
0 0.1234375 0.0828125 0.06875 0.125
0 0.4125 0.15390625 0.090625 0.08125
0 0.32109375 0.26953125 0.0703125 0.0921875
0 0.43125 0.31796875 0.0328125 0.0734375
0 0.59375 0.3734375 0.0484375 0.115625
0 0.1 0.48671875 0.0984375 0.0953125
0 0.05703125 0.70859375 0.1078125 0.0921875
0 0.31640625 0.60078125 0.1125 0.065625
0 0.34765625 0.390625 0.0578125 0.1328125
0 0.4578125 0.50234375 0.0796875 0.0734375
0 0.61875 0.72421875 0.103125 0.0703125
0 0.58515625 0.83203125 0.0546875 0.1
0 0.515625 0.790625 0.05 0.078125
0 0.428125 0.846875 0.0859375 0.0765625
0 0.5578125 0.62734375 0.0890625 0.09375
0 0.24765625 0.959375 0.084375 0.0765625
0 0.065625 0.8578125 0.0640625 0.109375
0 0.16953125 0.7984375 0.1125 0.0875