0 0.82578125 0.325 0.0921875 0.13125
0 0.63203125 0.34296875 0.0640625 0.103125
0 0.628125 0.428125 0.103125 0.1
0 0.53515625 0.51796875 0.0421875 0.1515625
0 0.5328125 0.33359375 0.0375 0.140625
0 0.4828125 0.45703125 0.05 0.090625
0 0.4328125 0.371875 0.0734375 0.1015625
0 0.4109375 0.49921875 0.0453125 0.0984375
0 0.575 0.27109375 0.0390625 0.121875
0 0.52109375 0.203125 0.084375 0.0890625
0 0.446875 0.23125 0.05625 0.1359375
0 0.3828125 0.29921875 0.053125 0.10625
0 0.3453125 0.41484375 0.0640625 0.121875