1 0.09609375 0.78359375 0.1140625 0.15625
1 0.16796875 0.84453125 0.1515625 0.1359375
1 0.1859375 0.7265625 0.1328125 0.134375
1 0.27734375 0.821875 0.134375 0.1453125
1 0.5015625 0.91015625 0.1328125 0.1609375
1 0.33046875 0.8859375 0.134375 0.128125
1 0.24296875 0.203125 0.1296875 0.1578125
1 0.4046875 0.28203125 0.1203125 0.1515625
1 0.4765625 0.26640625 0.1171875 0.1328125
1 0.3140625 0.31328125 0.115625 0.16875
1 0.04765625 0.39453125 0.0953125 0.1671875
1 0.05234375 0.25234375 0.1046875 0.1234375
1 0.0703125 0.1296875 0.134375 0.1171875
1 0.2671875 0.09375 0.115625 0.10625
1 0.1359375 0.35703125 0.13125 0.1359375
1 0.28125 0.56015625 0.1234375 0.175
1 0.35 0.7671875 0.1015625 0.1328125
1 0.3609375 0.6265625 0.1125 0.1140625
1 0.4265625 0.71875 0.1328125 0.1640625
1 0.42109375 0.05 0.1140625 0.1
1 0.49296875 0.153125 0.1078125 0.125
1 0.62734375 0.84296875 0.109375 0.1484375
1 0.4875 0.78828125 0.0703125 0.075
1 0.5578125 0.7625 0.065625 0.103125
1 0.4671875 0.47734375 0.1109375 0.121875
1 0.375 0.51640625 0.128125 0.1546875
1 0.54609375 0.35859375 0.096875 0.125
1 0.5671875 0.03828125 0.078125 0.0765625
1 0.67734375 0.7671875 0.0828125 0.125
1 0.60625 0.31640625 0.0828125 0.1015625
1 0.66328125 0.29921875 0.08125 0.103125
1 0.61796875 0.11953125 0.08125 0.10625
1 0.6765625 0.11328125 0.0796875 0.1125
1 0.68125 0.028125 0.05625 0.05625
1 0.73046875 0.09609375 0.0453125 0.078125
1 0.7390625 0.02578125 0.059375 0.0515625
1 0.671875 0.675 0.06875 0.1046875
1 0.578125 0.53828125 0.09375 0.1296875
1 0.63984375 0.5140625 0.0765625 0.109375
1 0.69140625 0.47265625 0.078125 0.1203125
1 0.6953125 0.3734375 0.0640625 0.1140625
1 0.7546875 0.34375 0.0640625 0.10625
1 0.7234375 0.6265625 0.0546875 0.121875
1 0.8046875 0.79375 0.11875 0.1296875
1 0.7625 0.17421875 0.059375 0.1078125
1 0.778125 0.57890625 0.10625 0.1390625
1 0.8078125 0.0109375 0.040625 0.021875
1 0.8609375 0.01328125 0.0625 0.0265625
1 0.90625 0.62421875 0.1875 0.5890625