1 0.70859375 0.28828125 0.184375 0.23125
1 0.6484375 0.228125 0.09375 0.234375
1 0.57578125 0.209375 0.0921875 0.23125
1 0.4984375 0.3265625 0.1015625 0.290625
1 0.665625 0.53984375 0.1046875 0.25625
1 0.66171875 0.78046875 0.1640625 0.1921875
1 0.75625 0.8875 0.1375 0.225
1 0.653125 0.9046875 0.096875 0.190625
1 0.54296875 0.89609375 0.0984375 0.2078125
1 0.384375 0.79921875 0.1203125 0.2359375
1 0.44765625 0.525 0.090625 0.290625
1 0.79921875 0.13046875 0.153125 0.146875
1 0.371875 0.1921875 0.11875 0.2890625
1 0.25078125 0.6109375 0.1296875 0.2578125
1 0.3109375 0.7078125 0.14375 0.3
1 0.10625 0.11015625 0.1328125 0.215625
1 0.0703125 0.390625 0.0921875 0.2390625
1 0.1375 0.40546875 0.115625 0.2234375
1 0.184375 0.78359375 0.1265625 0.1453125
1 0.11875 0.91796875 0.1109375 0.11875
1 0.27265625 0.29921875 0.1421875 0.1859375
1 0.24765625 0.1546875 0.134375 0.1890625
1 0.78671875 0.58515625 0.10625 0.1765625
1 0.5515625 0.63203125 0.0828125 0.15
1 0.96796875 0.18046875 0.0640625 0.2796875
1 0.86328125 0.17109375 0.075 0.15625
1 0.98515625 0.34375 0.0296875 0.146875
1 0.38125 0.928125 0.1484375 0.134375