1 0.27109375 0.41953125 0.165625 0.3046875
1 0.4296875 0.47265625 0.1515625 0.240625
1 0.4453125 0.265625 0.0890625 0.2265625
1 0.43984375 0.29375 0.10625 0.2375
1 0.46328125 0.08984375 0.1234375 0.1703125
1 0.35703125 0.19375 0.1046875 0.2703125
1 0.5671875 0.3109375 0.190625 0.1109375
1 0.55859375 0.2109375 0.1765625 0.1359375
1 0.584375 0.5984375 0.1265625 0.2203125
1 0.69765625 0.82890625 0.21875 0.1453125
1 0.6953125 0.67578125 0.1890625 0.109375
1 0.634375 0.403125 0.15 0.1984375
1 0.78359375 0.4453125 0.1109375 0.115625
1 0.80625 0.70078125 0.1265625 0.2125
1 0.28046875 0.14296875 0.1125 0.271875
1 0.1328125 0.05625 0.121875 0.1125
1 0.13125 0.240625 0.1859375 0.209375
1 0.03515625 0.834375 0.0703125 0.171875
1 0.8203125 0.91328125 0.2375 0.1734375
1 0.9171875 0.73984375 0.1109375 0.2578125