1 0.71875 0.74140625 0.1015625 0.2140625
1 0.63203125 0.69296875 0.128125 0.2203125
1 0.56171875 0.7921875 0.1296875 0.2015625
1 0.48984375 0.7703125 0.103125 0.1828125
1 0.4078125 0.80859375 0.140625 0.23125
1 0.28359375 0.8171875 0.1140625 0.2109375
1 0.33359375 0.60078125 0.1234375 0.2078125
1 0.3484375 0.50703125 0.096875 0.1765625
1 0.209375 0.3578125 0.134375 0.2265625
1 0.26171875 0.16015625 0.1546875 0.121875
1 0.08203125 0.19609375 0.0890625 0.178125
1 0.22421875 0.8484375 0.090625 0.1625
1 0.45546875 0.30390625 0.096875 0.1953125
1 0.47109375 0.50625 0.1171875 0.1640625
1 0.50625 0.234375 0.0953125 0.2140625
1 0.53984375 0.10546875 0.125 0.2
1 0.60234375 0.2015625 0.140625 0.1984375
1 0.5640625 0.525 0.090625 0.1625
1 0.61015625 0.51171875 0.09375 0.171875
1 0.73828125 0.44375 0.14375 0.146875
1 0.16015625 0.4640625 0.0984375 0.165625
1 0.1 0.50078125 0.0890625 0.1703125
1 0.084375 0.33515625 0.1171875 0.1359375
1 0.02734375 0.19296875 0.0546875 0.2140625
1 0.78828125 0.134375 0.2109375 0.26875
1 0.71484375 0.0765625 0.0859375 0.153125
1 0.8609375 0.625 0.1109375 0.2109375
1 0.7609375 0.56953125 0.0921875 0.159375
1 0.934375 0.51171875 0.11875 0.109375
1 0.725 0.3125 0.0828125 0.1484375
1 0.7875 0.30859375 0.0578125 0.10625
1 0.2171875 0.6546875 0.096875 0.165625
1 0.64453125 0.90625 0.071875 0.128125
1 0.721875 0.8765625 0.1390625 0.1078125
1 0.9375 0.84453125 0.1 0.1359375