1 0.50234375 0.5 0.9953125 1
1 0.70234375 0.64921875 0.1109375 0.0921875
1 0.928125 0.63984375 0.14375 0.0671875
1 0.85546875 0.36953125 0.08125 0.0859375
1 0.4453125 0.16484375 0.1359375 0.065625
1 0.2234375 0.1875 0.09375 0.090625
1 0.3140625 0.2640625 0.103125 0.1078125
1 0.3859375 0.3796875 0.165625 0.1265625
1 0.590625 0.7203125 0.10625 0.125
1 0.509375 0.59140625 0.1203125 0.121875
1 0.20078125 0.5734375 0.0765625 0.0953125
1 0.17265625 0.10234375 0.090625 0.0671875
1 0.71171875 0.3859375 0.1359375 0.090625
1 0.78359375 0.53515625 0.1296875 0.1
1 0.690625 0.90703125 0.175 0.10625
1 0.490625 0.93984375 0.16875 0.08125
1 0.4359375 0.79765625 0.1109375 0.09375