1 0.72734375 0.58515625 0.1703125 0.30625
1 0.5703125 0.528125 0.1546875 0.2421875
1 0.55078125 0.73515625 0.09375 0.228125
1 0.55703125 0.7078125 0.109375 0.2390625
1 0.52890625 0.9109375 0.1265625 0.171875
1 0.6375 0.80859375 0.109375 0.271875
1 0.4296875 0.6875 0.1921875 0.1140625
1 0.4359375 0.7875 0.178125 0.1390625
1 0.41796875 0.4 0.1296875 0.221875
1 0.3078125 0.16796875 0.221875 0.1484375
1 0.3078125 0.3203125 0.190625 0.1125
1 0.3640625 0.59453125 0.153125 0.2
1 0.215625 0.55 0.1125 0.11875
1 0.196875 0.29375 0.1296875 0.2140625
1 0.71328125 0.8609375 0.1171875 0.2734375
1 0.85859375 0.94609375 0.1234375 0.1078125
1 0.8640625 0.765625 0.1890625 0.2125
1 0.9671875 0.17421875 0.065625 0.1734375
1 0.18671875 0.084375 0.2390625 0.16875
1 0.0875 0.25234375 0.115625 0.2578125