1 0.04609375 0.69375 0.0859375 0.14140625
1 0.10390625 0.76796875 0.13046875 0.11171875
1 0.1453125 0.65625 0.11171875 0.1140625
1 0.215625 0.76875 0.11015625 0.12578125
1 0.41640625 0.9015625 0.10625 0.14140625
1 0.25390625 0.8421875 0.11484375 0.10625
1 0.31015625 0.15625 0.10234375 0.1390625
1 0.45234375 0.2671875 0.09375 0.13515625
1 0.52578125 0.26640625 0.09453125 0.11640625
1 0.35703125 0.27890625 0.0859375 0.15390625
1 0.0609375 0.3 0.10625 0.14765625
1 0.10625 0.16328125 0.10078125 0.10546875
1 0.15703125 0.0484375 0.1171875 0.09453125
1 0.35703125 0.05390625 0.1 0.0875
1 0.1734375 0.284375 0.109375 0.11640625
1 0.2734375 0.51328125 0.0921875 0.159375
1 0.29765625 0.73046875 0.07890625 0.11953125
1 0.3375 0.59453125 0.0953125 0.09609375
1 0.3828125 0.6984375 0.10546875 0.14453125
1 0.5171875 0.0421875 0.09921875 0.08359375
1 0.56484375 0.159375 0.0875 0.109375
1 0.553125 0.86171875 0.08359375 0.13359375
1 0.428125 0.7796875 0.05859375 0.06484375
1 0.50234375 0.76875 0.046875 0.0953125
1 0.47265625 0.47109375 0.090625 0.10546875
1 0.37421875 0.48984375 0.1015625 0.1359375
1 0.57421875 0.37109375 0.075 0.1125
1 0.66484375 0.05234375 0.06171875 0.0859375
1 0.61796875 0.7984375 0.0609375 0.1140625
1 0.6421875 0.3421875 0.065625 0.090625
1 0.7015625 0.3375 0.06328125 0.0921875
1 0.69453125 0.15234375 0.0625 0.0953125
1 0.753125 0.15859375 0.06015625 0.10234375
1 0.77890625 0.06015625 0.040625 0.0828125
1 0.809375 0.153125 0.03046875 0.0734375
1 0.83671875 0.0703125 0.04453125 0.07890625
1 0.63203125 0.70703125 0.05 0.09609375
1 0.56875 0.55390625 0.0703125 0.1171875
1 0.63359375 0.54296875 0.05625 0.1
1 0.69296875 0.51328125 0.05546875 0.11171875
1 0.7171875 0.41640625 0.0421875 0.1078125
1 0.78125 0.4 0.0453125 0.0984375
1 0.6921875 0.6703125 0.03125 0.11796875
1 0.73671875 0.85078125 0.0984375 0.11171875
1 0.82421875 0.2359375 0.0390625 0.10234375
1 0.75546875 0.63515625 0.0828125 0.125
1 0.90703125 0.0703125 0.03046875 0.05
1 0.96015625 0.07421875 0.0484375 0.06953125
1 0.9171875 0.71640625 0.165625 0.5671875