1 0.7328125 0.43125 0.15 0.296875
1 0.571875 0.4765625 0.1390625 0.23359375
1 0.5671875 0.26875 0.078125 0.2234375
1 0.57109375 0.296875 0.09375 0.2328125
1 0.5578125 0.0921875 0.11484375 0.1640625
1 0.65859375 0.2015625 0.09140625 0.26640625
1 0.44296875 0.3078125 0.1859375 0.1015625
1 0.45625 0.20859375 0.16953125 0.12734375
1 0.4109375 0.59375 0.115625 0.21484375
1 0.28515625 0.81796875 0.2125 0.134375
1 0.29609375 0.665625 0.18359375 0.09921875
1 0.37109375 0.39609375 0.140625 0.190625
1 0.21953125 0.43046875 0.1046875 0.1109375
1 0.18359375 0.684375 0.115625 0.20703125
1 0.73828125 0.1546875 0.09921875 0.26640625
1 0.88984375 0.06640625 0.11484375 0.125
1 0.88203125 0.26015625 0.175 0.20078125
1 0.9578125 0.85859375 0.08359375 0.16796875
1 0.1578125 0.90234375 0.228125 0.1734375
1 0.07109375 0.71796875 0.09765625 0.25234375