1 0.59609375 0.18828125 0.1125 0.215625
1 0.53828125 0.26875 0.1375 0.221875
1 0.43203125 0.209375 0.1375 0.203125
1 0.3765625 0.259375 0.1109375 0.184375
1 0.2859375 0.259375 0.15 0.234375
1 0.1703125 0.30390625 0.1234375 0.2125
1 0.30625 0.47890625 0.13125 0.209375
1 0.359375 0.5578125 0.1046875 0.178125
1 0.296875 0.7515625 0.14375 0.228125
1 0.428125 0.90859375 0.1578125 0.128125
1 0.2484375 0.93125 0.096875 0.1375
1 0.10234375 0.3015625 0.0984375 0.1640625
1 0.5421875 0.69609375 0.1046875 0.196875
1 0.47109375 0.50625 0.125 0.1671875
1 0.61796875 0.7375 0.1046875 0.2140625
1 0.70234375 0.840625 0.1328125 0.2015625
1 0.71875 0.72734375 0.1484375 0.2015625
1 0.546875 0.45 0.0984375 0.1640625
1 0.59453125 0.44296875 0.1015625 0.1734375
1 0.73984375 0.45078125 0.1484375 0.1515625
1 0.20703125 0.67578125 0.1046875 0.1671875
1 0.13671875 0.66875 0.096875 0.171875
1 0.19296875 0.825 0.121875 0.140625
1 0.17109375 0.94140625 0.1296875 0.1171875
1 0.909375 0.740625 0.18125 0.34375
1 0.8859375 0.81640625 0.0953125 0.20625
1 0.77421875 0.234375 0.1203125 0.2125
1 0.70703125 0.3265625 0.0984375 0.1609375
1 0.8890625 0.30546875 0.1234375 0.1140625
1 0.78359375 0.575 0.090625 0.15
1 0.84140625 0.5515625 0.0625 0.10625
1 0.178125 0.4796875 0.103125 0.1671875
1 0.45859375 0.0703125 0.0765625 0.1296875
1 0.5421875 0.06484375 0.1421875 0.1140625
1 0.75078125 0.0359375 0.1046875 0.071875