1 0.07734375 0.7546875 0.1046875 0.1515625
1 0.1453125 0.8203125 0.1453125 0.128125
1 0.1703125 0.70390625 0.1265625 0.128125
1 0.25546875 0.80546875 0.1265625 0.140625
1 0.4734375 0.909375 0.125 0.1546875
1 0.30390625 0.8734375 0.128125 0.121875
1 0.2640625 0.1859375 0.1203125 0.1515625
1 0.4203125 0.27578125 0.1109375 0.146875
1 0.49296875 0.26484375 0.109375 0.128125
1 0.32734375 0.30078125 0.10625 0.1640625
1 0.05 0.36328125 0.1 0.1609375
1 0.06328125 0.22109375 0.1140625 0.11875
1 0.09765625 0.10078125 0.1296875 0.109375
1 0.29609375 0.078125 0.1109375 0.1
1 0.146875 0.33203125 0.125 0.13125
1 0.27734375 0.54453125 0.1140625 0.1703125
1 0.33203125 0.75625 0.0953125 0.1296875
1 0.35234375 0.61640625 0.1078125 0.1078125
1 0.41171875 0.7125 0.125 0.1578125
1 0.453125 0.04609375 0.109375 0.0921875
1 0.5171875 0.15390625 0.1015625 0.1203125
1 0.603125 0.85078125 0.1015625 0.14375
1 0.46796875 0.78671875 0.0671875 0.071875
1 0.53984375 0.765625 0.059375 0.1015625
1 0.46875 0.475 0.1046875 0.1171875
1 0.37421875 0.5078125 0.11875 0.1484375
1 0.55546875 0.36171875 0.090625 0.121875
1 0.60078125 0.03984375 0.0734375 0.0796875
1 0.65859375 0.77890625 0.0765625 0.121875
1 0.61875 0.32421875 0.078125 0.0984375
1 0.67734375 0.3109375 0.075 0.1
1 0.64453125 0.12890625 0.075 0.103125
1 0.703125 0.1265625 0.0734375 0.109375
1 0.71484375 0.034375 0.0515625 0.06875
1 0.7578125 0.11328125 0.040625 0.0765625
1 0.77265625 0.034375 0.0546875 0.06875
1 0.659375 0.68671875 0.0625 0.1015625
1 0.57578125 0.54375 0.0859375 0.1265625
1 0.63828125 0.52421875 0.0703125 0.10625
1 0.69296875 0.4859375 0.0703125 0.11875
1 0.703125 0.38671875 0.05625 0.1125
1 0.76484375 0.36171875 0.0578125 0.103125
1 0.7140625 0.6421875 0.046875 0.121875
1 0.78359375 0.8140625 0.1125 0.125
1 0.784375 0.19375 0.053125 0.10625
1 0.771875 0.5984375 0.1 0.1359375
1 0.8421875 0.021875 0.0375 0.04375
1 0.89609375 0.02578125 0.0578125 0.0515625
1 0.9109375 0.65625 0.178125 0.584375