1 0.6765625 0.7390625 0.184375 0.23125
1 0.60859375 0.78984375 0.09375 0.234375
1 0.534375 0.7984375 0.0921875 0.23125
1 0.475 0.67109375 0.1015625 0.290625
1 0.66953125 0.48359375 0.1046875 0.25625
1 0.69921875 0.24453125 0.1640625 0.1921875
1 0.809375 0.14140625 0.1375 0.246875
1 0.70859375 0.11328125 0.096875 0.2046875
1 0.5984375 0.1109375 0.0984375 0.2140625
1 0.42734375 0.18828125 0.1203125 0.2359375
1 0.4515625 0.46796875 0.090625 0.290625
1 0.74453125 0.9078125 0.153125 0.146875
1 0.33046875 0.7875 0.11875 0.2890625
1 0.26875 0.35546875 0.1296875 0.2578125
1 0.34140625 0.26796875 0.14375 0.3
1 0.0609375 0.83125 0.121875 0.215625
1 0.059375 0.5484375 0.0921875 0.2390625
1 0.128125 0.54296875 0.115625 0.2234375
1 0.2265625 0.17578125 0.1265625 0.1453125
1 0.18046875 0.04609375 0.1109375 0.0921875
1 0.246875 0.6671875 0.1421875 0.1859375
1 0.20234375 0.80625 0.134375 0.1890625
1 0.79609375 0.45546875 0.10625 0.1765625
1 0.56953125 0.3765625 0.0828125 0.15
1 0.92578125 0.8703125 0.0796875 0.259375
1 0.8140625 0.87578125 0.075 0.15625
1 0.96796875 0.72265625 0.0453125 0.146875
1 0.44140625 0.06328125 0.1484375 0.1265625