1 0.50625 0.50390625 0.90859375 0.9578125
1 0.6859375 0.66953125 0.10234375 0.08125
1 0.91484375 0.684375 0.14765625 0.05234375
1 0.8671875 0.40703125 0.07421875 0.078125
1 0.48046875 0.1609375 0.13046875 0.05234375
1 0.2578125 0.16015625 0.08515625 0.0828125
1 0.33984375 0.24609375 0.09375 0.0984375
1 0.39921875 0.36875 0.1546875 0.11171875
1 0.5671875 0.72890625 0.0953125 0.115625
1 0.5 0.5921875 0.10859375 0.11171875
1 0.19453125 0.54140625 0.0671875 0.08828125
1 0.21640625 0.0703125 0.08515625 0.059375
1 0.72265625 0.40859375 0.128125 0.078125
1 0.778125 0.56484375 0.121875 0.08828125
1 0.646875 0.925 0.1671875 0.08984375
1 0.44453125 0.93671875 0.16328125 0.06484375
1 0.40546875 0.7890625 0.10234375 0.0828125