1 0.30703125 0.27421875 0.16953125 0.2203125
1 0.37109375 0.21875 0.078125 0.22890625
1 0.44453125 0.2046875 0.0765625 0.22578125
1 0.51328125 0.32734375 0.08203125 0.2859375
1 0.33203125 0.528125 0.0875 0.25
1 0.31875 0.76875 0.1515625 0.1828125
1 0.21640625 0.8796875 0.1203125 0.23984375
1 0.31875 0.9 0.08359375 0.2
1 0.42890625 0.8953125 0.08359375 0.20859375
1 0.59453125 0.80625 0.1046875 0.2296875
1 0.55078125 0.52890625 0.07109375 0.2859375
1 0.22734375 0.11015625 0.14453125 0.1375
1 0.64921875 0.2015625 0.09921875 0.2828125
1 0.740625 0.628125 0.1125 0.25
1 0.67421875 0.7203125 0.1234375 0.29140625
1 0.9203125 0.13828125 0.11796875 0.20859375
1 0.9359375 0.42109375 0.0765625 0.234375
1 0.86796875 0.43125 0.1 0.2171875
1 0.7953125 0.8046875 0.11796875 0.1375
1 0.85078125 0.94375 0.103125 0.1125
1 0.740625 0.315625 0.1296875 0.17734375
1 0.77578125 0.1734375 0.12265625 0.18125
1 0.2078125 0.56484375 0.09453125 0.1703125
1 0.4390625 0.628125 0.07265625 0.14453125
1 0.04765625 0.14921875 0.0609375 0.27578125
1 0.16015625 0.146875 0.06484375 0.1515625
1 0.01796875 0.31015625 0.03515625 0.1453125
1 0.58828125 0.93515625 0.140625 0.12421875