1 0.49375 0.5 0.9875 1
1 0.3 0.34765625 0.109375 0.090625
1 0.07265625 0.3515625 0.1453125 0.065625
1 0.1421875 0.625 0.08125 0.084375
1 0.54921875 0.8359375 0.134375 0.0640625
1 0.77109375 0.8171875 0.0921875 0.090625
1 0.68203125 0.7390625 0.1015625 0.10625
1 0.61171875 0.621875 0.1640625 0.125
1 0.41328125 0.278125 0.1046875 0.1234375
1 0.4921875 0.4078125 0.1171875 0.1203125
1 0.80078125 0.43203125 0.075 0.09375
1 0.8203125 0.903125 0.090625 0.0671875
1 0.2859375 0.61015625 0.134375 0.0890625
1 0.2171875 0.459375 0.1296875 0.0984375
1 0.31640625 0.0890625 0.175 0.1046875
1 0.5171875 0.06015625 0.16875 0.078125
1 0.56875 0.20390625 0.109375 0.0921875