2 0.0734375 0.69609375 0.121875 0.2109375
2 0.165625 0.72578125 0.1046875 0.2015625
2 0.24921875 0.74453125 0.09375 0.1859375
2 0.340625 0.78046875 0.0921875 0.1515625
2 0.41015625 0.79609375 0.0859375 0.14375
2 0.47578125 0.80390625 0.06875 0.1375
2 0.540625 0.81484375 0.075 0.1421875
2 0.09375 0.4984375 0.1015625 0.1796875
2 0.18359375 0.53203125 0.10625 0.190625
2 0.27890625 0.540625 0.10625 0.2
2 0.1203125 0.31875 0.1171875 0.178125
2 0.203125 0.3328125 0.0828125 0.1515625
2 0.2671875 0.34921875 0.0765625 0.165625
2 0.3359375 0.34921875 0.0859375 0.1453125
2 0.1421875 0.13359375 0.06875 0.1359375
2 0.209375 0.14296875 0.078125 0.128125
2 0.278125 0.16484375 0.0859375 0.153125