2 0.109375 0.23984375 0.09140625 0.19921875
2 0.2046875 0.225 0.075 0.1921875
2 0.290625 0.21953125 0.06640625 0.178125
2 0.38671875 0.1984375 0.07109375 0.1421875
2 0.4578125 0.19375 0.06640625 0.134375
2 0.5234375 0.19609375 0.0484375 0.13203125
2 0.5890625 0.1953125 0.05390625 0.1359375
2 0.0984375 0.43828125 0.0765625 0.1703125
2 0.1921875 0.41875 0.0796875 0.18046875
2 0.28828125 0.425 0.07734375 0.190625
2 0.096875 0.61953125 0.0921875 0.16640625
2 0.18046875 0.61875 0.0609375 0.14453125
2 0.24609375 0.6125 0.0515625 0.159375
2 0.3140625 0.6234375 0.06484375 0.1375
2 0.0890625 0.80625 0.04921875 0.13046875
2 0.15703125 0.80703125 0.06015625 0.1203125
2 0.228125 0.79609375 0.06484375 0.14453125