2 0.91953125 0.2890625 0.115625 0.209375
2 0.8265625 0.26328125 0.0984375 0.2
2 0.7421875 0.246875 0.0875 0.184375
2 0.64921875 0.21484375 0.0875 0.15
2 0.57890625 0.2015625 0.0828125 0.1421875
2 0.5140625 0.1953125 0.0640625 0.1375
2 0.4484375 0.18671875 0.0703125 0.1421875
2 0.90625 0.4875 0.096875 0.178125
2 0.815625 0.45703125 0.1015625 0.1890625
2 0.71953125 0.4515625 0.1 0.1984375
2 0.8859375 0.66796875 0.1125 0.1765625
2 0.80234375 0.65703125 0.078125 0.1515625
2 0.73828125 0.64296875 0.0703125 0.1640625
2 0.66953125 0.6453125 0.08125 0.14375
2 0.8703125 0.85390625 0.0640625 0.1359375
2 0.803125 0.846875 0.075 0.1265625
2 0.73359375 0.82734375 0.08125 0.1515625