3 0.7796875 0.7953125 0.1375 0.1640625
3 0.54375 0.60078125 0.1203125 0.08125
3 0.6921875 0.63203125 0.096875 0.140625
3 0.634375 0.50234375 0.1453125 0.1125
3 0.59375 0.403125 0.146875 0.159375
3 0.61171875 0.16484375 0.1265625 0.1484375
3 0.44765625 0.30703125 0.134375 0.178125
3 0.33125 0.21484375 0.1734375 0.1171875
3 0.2515625 0.34140625 0.1546875 0.159375
3 0.35078125 0.4765625 0.246875 0.1625
3 0.3140625 0.634375 0.1171875 0.1265625
3 0.32578125 0.7265625 0.0046875 0.046875
3 0.61171875 0.84453125 0.253125 0.1953125