3 0.46640625 0.28046875 0.1109375 0.13125
3 0.525 0.34609375 0.1265625 0.0875
3 0.521875 0.43671875 0.1125 0.103125
3 0.55078125 0.50234375 0.14375 0.0859375
3 0.4515625 0.4140625 0.0625 0.134375
3 0.4953125 0.54921875 0.078125 0.090625
3 0.50703125 0.8015625 0.053125 0.11875
3 0.43359375 0.78671875 0.05 0.071875
3 0.45078125 0.66953125 0.0453125 0.1234375
3 0.35625 0.571875 0.0890625 0.10625
3 0.34296875 0.6578125 0.0703125 0.1234375
3 0.26328125 0.44765625 0.0546875 0.128125
3 0.3390625 0.4203125 0.0765625 0.153125
3 0.38125 0.4859375 0.0859375 0.125