3 0.59921875 0.46953125 0.22421875 0.39453125
3 0.40078125 0.59453125 0.3328125 0.17421875
3 0.57734375 0.79765625 0.27578125 0.340625
3 0.38671875 0.84765625 0.2953125 0.3046875
3 0.12265625 0.6796875 0.21484375 0.640625
3 0.1796875 0.84453125 0.178125 0.3109375
3 0.19453125 0.50546875 0.17578125 0.2375
3 0.353125 0.27734375 0.34140625 0.27109375
3 0.42421875 0.1234375 0.2171875 0.20546875
3 0.70625 0.14453125 0.16484375 0.2359375
3 0.5609375 0.175 0.178125 0.2
3 0.8546875 0.13515625 0.1953125 0.215625
3 0.75859375 0.34765625 0.121875 0.203125
3 0.85 0.5703125 0.121875 0.49140625
3 0.9421875 0.48515625 0.11484375 0.4296875
3 0.91171875 0.8265625 0.17578125 0.23359375
3 0.13125 0.16484375 0.2453125 0.31328125