3 0.1875 0.21328125 0.11328125 0.11171875
3 0.44140625 0.740625 0.15390625 0.115625
3 0.7234375 0.7421875 0.225 0.115625
3 0.68671875 0.20859375 0.1484375 0.2953125
3 0.46796875 0.4796875 0.10625 0.29921875
3 0.3890625 0.33359375 0.13515625 0.3890625
3 0.2546875 0.703125 0.04609375 0.14140625
3 0.2578125 0.34296875 0.1078125 0.22265625
3 0.30625 0.5265625 0.13515625 0.275
3 0.4046875 0.90546875 0.04921875 0.18828125
3 0.52109375 0.95234375 0.0859375 0.0953125
3 0.34375 0.0765625 0.059375 0.1328125
3 0.1859375 0.03828125 0.07109375 0.07109375
3 0.58203125 0.52890625 0.09453125 0.22421875
3 0.5 0.79375 0.13515625 0.209375