3 0.1609375 0.725 0.159375 0.18125
3 0.43515625 0.58828125 0.13125 0.0984375
3 0.2828125 0.58515625 0.115625 0.153125
3 0.36875 0.471875 0.159375 0.1328125
3 0.43046875 0.384375 0.16875 0.178125
3 0.46640625 0.1484375 0.146875 0.1640625
3 0.59453125 0.32421875 0.159375 0.1953125
3 0.72890625 0.26015625 0.1875 0.1421875
3 0.778125 0.4015625 0.1765625 0.1796875
3 0.65078125 0.5109375 0.265625 0.196875
3 0.65078125 0.67265625 0.134375 0.1421875
3 0.61875 0.76015625 0.0125 0.0453125
3 0.3140625 0.8109375 0.278125 0.2296875