3 0.75234375 0.15859375 0.1328125 0.13125
3 0.603125 0.725 0.1734375 0.1421875
3 0.3265625 0.78046875 0.2421875 0.15625
3 0.2609375 0.24921875 0.2015625 0.31875
3 0.52734375 0.47421875 0.1609375 0.3140625
3 0.57734375 0.315625 0.20625 0.4078125
3 0.7796875 0.65234375 0.071875 0.146875
3 0.7078125 0.3 0.1484375 0.2390625
3 0.6953125 0.4890625 0.184375 0.2953125
3 0.67109375 0.8796875 0.084375 0.19375
3 0.565625 0.946875 0.103125 0.10625
3 0.571875 0.0625 0.084375 0.125
3 0.71953125 0.0140625 0.0828125 0.028125
3 0.425 0.54375 0.1359375 0.2375
3 0.55625 0.78828125 0.171875 0.23125