3 0.59375 0.45625 0.2765625 0.421875
3 0.41484375 0.60703125 0.353125 0.21875
3 0.61796875 0.784375 0.3203125 0.375
3 0.4359375 0.84453125 0.334375 0.3109375
3 0.15078125 0.69921875 0.3015625 0.6015625
3 0.23046875 0.859375 0.2203125 0.28125
3 0.1984375 0.54765625 0.2078125 0.259375
3 0.3234375 0.3 0.3765625 0.315625
3 0.37265625 0.1375 0.24375 0.234375
3 0.65390625 0.1234375 0.1953125 0.246875
3 0.51484375 0.16953125 0.2046875 0.2234375
3 0.80078125 0.1046875 0.2234375 0.209375
3 0.73515625 0.31328125 0.1484375 0.21875
3 0.85625 0.52109375 0.1890625 0.503125
3 0.92421875 0.42265625 0.1515625 0.4421875
3 0.925 0.765625 0.15 0.25625
3 0.115625 0.21875 0.23125 0.34375