3 0.5296875 0.2796875 0.109375 0.1296875
3 0.47265625 0.346875 0.125 0.0859375
3 0.47734375 0.43671875 0.11015625 0.1015625
3 0.44921875 0.503125 0.1421875 0.0828125
3 0.546875 0.41328125 0.06015625 0.1328125
3 0.50546875 0.54921875 0.0765625 0.08984375
3 0.4984375 0.8015625 0.05078125 0.1171875
3 0.57109375 0.78515625 0.0484375 0.0703125
3 0.55234375 0.66875 0.04375 0.12265625
3 0.6453125 0.56953125 0.08671875 0.1046875
3 0.659375 0.6546875 0.06796875 0.12265625
3 0.7359375 0.44375 0.05234375 0.12734375
3 0.659375 0.4171875 0.0734375 0.1515625
3 0.61875 0.48359375 0.08359375 0.12421875