3 0.78984375 0.21484375 0.13203125 0.159375
3 0.546875 0.40078125 0.11796875 0.07734375
3 0.696875 0.375 0.09140625 0.13828125
3 0.634375 0.50234375 0.14140625 0.1078125
3 0.590625 0.6 0.14140625 0.15390625
3 0.6 0.8390625 0.121875 0.14375
3 0.440625 0.690625 0.12890625 0.17421875
3 0.32109375 0.77890625 0.16953125 0.11171875
3 0.24609375 0.65 0.15 0.15390625
3 0.35 0.51796875 0.24140625 0.15390625
3 0.31875 0.359375 0.1125 0.1234375
3 0.33359375 0.2671875 0.003125 0.04609375
3 0.6234375 0.159375 0.246875 0.18671875