3 0.43984375 0.7140625 0.1265625 0.14375
3 0.50546875 0.65546875 0.1359375 0.103125
3 0.51328125 0.565625 0.1234375 0.115625
3 0.55078125 0.50390625 0.1515625 0.1015625
3 0.44140625 0.5796875 0.078125 0.140625
3 0.5015625 0.45078125 0.0890625 0.1
3 0.54375 0.2015625 0.0671875 0.1234375
3 0.46953125 0.2078125 0.0578125 0.0765625
3 0.471875 0.32578125 0.0609375 0.128125
3 0.365625 0.4109375 0.1 0.115625
3 0.3640625 0.325 0.084375 0.13125
3 0.25859375 0.52265625 0.0703125 0.1328125
3 0.33046875 0.56015625 0.09375 0.1609375
3 0.38046875 0.5 0.1 0.134375