3 0.840625 0.24765625 0.125 0.1234375
3 0.5328125 0.7453125 0.165625 0.13125
3 0.25234375 0.7171875 0.2359375 0.1390625
3 0.34453125 0.190625 0.178125 0.309375
3 0.53359375 0.4828125 0.1375 0.309375
3 0.62734375 0.34609375 0.175 0.4015625
3 0.72265625 0.72734375 0.0609375 0.1453125
3 0.75703125 0.36953125 0.13125 0.2328125
3 0.68984375 0.546875 0.1625 0.2875
3 0.5515625 0.90859375 0.06875 0.1828125
3 0.43203125 0.94765625 0.0953125 0.103125
3 0.7 0.0953125 0.0734375 0.1390625
3 0.8609375 0.0734375 0.078125 0.078125
3 0.415625 0.5203125 0.1171875 0.2328125
3 0.46953125 0.7921875 0.15625 0.221875