4 0.35625 0.39140625 0.4296875 0.3859375
4 0.54375 0.38125 0.2328125 0.1875
4 0.70859375 0.17421875 0.2640625 0.3484375
4 0.73515625 0.34296875 0.196875 0.1828125
4 0.6640625 0.49375 0.240625 0.125
4 0.4140625 0.7765625 0.190625 0.3859375
4 0.29296875 0.65078125 0.5640625 0.3734375
4 0.165625 0.5921875 0.228125 0.540625
4 0.5828125 0.84140625 0.1328125 0.259375
4 0.7 0.8140625 0.1390625 0.2515625
4 0.078125 0.2484375 0.15625 0.203125
4 0.32578125 0.16796875 0.1765625 0.203125
4 0.946875 0.3328125 0.1015625 0.2203125