4 0.38671875 0.36015625 0.365625 0.30703125
4 0.57109375 0.3953125 0.2046875 0.1421875
4 0.7828125 0.228125 0.19140625 0.3265625
4 0.76640625 0.4046875 0.16640625 0.14765625
4 0.6609375 0.53359375 0.23046875 0.071875
4 0.35 0.74765625 0.1046875 0.37109375
4 0.2625 0.59609375 0.51796875 0.25546875
4 0.153125 0.50859375 0.10234375 0.53203125
4 0.49765625 0.8515625 0.075 0.24921875
4 0.61796875 0.853125 0.08359375 0.23828125
4 0.11171875 0.14453125 0.2046875 0.1578125
4 0.4109375 0.1359375 0.1390625 0.175
4 0.97421875 0.44609375 0.0515625 0.2140625