5 0.0859375 0.1765625 0.08828125 0.16953125
5 0.21640625 0.1546875 0.075 0.14375
5 0.27578125 0.12578125 0.0640625 0.17734375
5 0.48125 0.1421875 0.1109375 0.1734375
5 0.7125 0.14765625 0.08984375 0.13515625
5 0.796875 0.16328125 0.03984375 0.11875
5 0.91171875 0.18046875 0.07421875 0.15859375
5 0.01953125 0.35625 0.03828125 0.17734375
5 0.08828125 0.37890625 0.06171875 0.125
5 0.18828125 0.4015625 0.05078125 0.12265625
5 0.3 0.3859375 0.08046875 0.1390625
5 0.4171875 0.38828125 0.071875 0.12109375
5 0.57109375 0.3984375 0.08125 0.13359375
5 0.69609375 0.3828125 0.0640625 0.10859375
5 0.80390625 0.37265625 0.053125 0.125
5 0.909375 0.3703125 0.0625 0.12109375
5 0.05078125 0.56953125 0.0828125 0.12578125
5 0.1796875 0.58203125 0.08984375 0.11328125
5 0.33671875 0.57265625 0.071875 0.11953125
5 0.48671875 0.5953125 0.08984375 0.12734375
5 0.61796875 0.57421875 0.053125 0.12890625
5 0.77265625 0.56328125 0.071875 0.13046875
5 0.89140625 0.55625 0.06640625 0.11640625
5 0.07890625 0.7640625 0.09140625 0.1328125
5 0.1734375 0.7703125 0.06953125 0.084375
5 0.27734375 0.7734375 0.06640625 0.1140625
5 0.365625 0.7671875 0.06640625 0.10703125
5 0.48046875 0.78125 0.08515625 0.1359375
5 0.61171875 0.75390625 0.08125 0.1125
5 0.728125 0.7515625 0.0796875 0.1015625
5 0.834375 0.75546875 0.06640625 0.09765625
5 0.91953125 0.7375 0.07421875 0.08515625
5 0.096875 0.9359375 0.06171875 0.0640625
5 0.1625 0.94609375 0.053125 0.08828125
5 0.2453125 0.93515625 0.065625 0.08125
5 0.31640625 0.93828125 0.05859375 0.0796875
5 0.4 0.92421875 0.053125 0.07109375
5 0.4859375 0.9296875 0.0640625 0.07578125
5 0.58984375 0.90390625 0.0453125 0.071875
5 0.6859375 0.8921875 0.0515625 0.09140625
5 0.75546875 0.8953125 0.03046875 0.0609375
5 0.83359375 0.90390625 0.040625 0.071875
5 0.9046875 0.89140625 0.0453125 0.09609375
5 0.965625 0.89609375 0.03671875 0.08671875