5 0.121875 0.13515625 0.10625 0.178125
5 0.25390625 0.1265625 0.0890625 0.1515625
5 0.31640625 0.1046875 0.0828125 0.1828125
5 0.51875 0.1421875 0.128125 0.184375
5 0.7484375 0.171875 0.103125 0.14375
5 0.83046875 0.19609375 0.0515625 0.121875
5 0.94296875 0.225 0.090625 0.165625
5 0.0375 0.30703125 0.05625 0.1796875
5 0.103125 0.33671875 0.075 0.13125
5 0.2 0.36953125 0.0640625 0.1265625
5 0.31328125 0.365625 0.0953125 0.146875
5 0.4296875 0.38046875 0.084375 0.128125
5 0.58125 0.40625 0.0953125 0.140625
5 0.70703125 0.40390625 0.075 0.1140625
5 0.815625 0.40546875 0.065625 0.1296875
5 0.9203125 0.4140625 0.075 0.1265625
5 0.046875 0.521875 0.09375 0.134375
5 0.17265625 0.5484375 0.1015625 0.121875
5 0.3296875 0.55546875 0.084375 0.1265625
5 0.4765625 0.59375 0.103125 0.1359375
5 0.609375 0.5859375 0.065625 0.134375
5 0.76484375 0.59140625 0.084375 0.1375
5 0.88359375 0.596875 0.078125 0.1234375
5 0.05390625 0.71875 0.1046875 0.1421875
5 0.146875 0.734375 0.078125 0.090625
5 0.25 0.7484375 0.078125 0.1203125
5 0.33828125 0.7515625 0.0765625 0.1140625
5 0.4515625 0.77734375 0.0984375 0.14375
5 0.584375 0.7640625 0.0921875 0.1203125
5 0.70078125 0.77421875 0.090625 0.109375
5 0.80546875 0.7890625 0.0765625 0.1046875
5 0.8921875 0.7796875 0.0828125 0.0921875
5 0.053125 0.89140625 0.06875 0.0703125
5 0.11796875 0.90859375 0.0625 0.09375
5 0.2015625 0.90625 0.0734375 0.0875
5 0.271875 0.91640625 0.0671875 0.0859375
5 0.35625 0.91171875 0.0609375 0.0765625
5 0.44140625 0.92578125 0.071875 0.0828125
5 0.546875 0.9109375 0.053125 0.0765625
5 0.64375 0.909375 0.0609375 0.096875
5 0.7125 0.91953125 0.0359375 0.0640625
5 0.78984375 0.93671875 0.0484375 0.075
5 0.86171875 0.93125 0.0546875 0.1
5 0.921875 0.94296875 0.0453125 0.090625