5 0.91953125 0.18359375 0.090625 0.1703125
5 0.78984375 0.159375 0.078125 0.1453125
5 0.73046875 0.1296875 0.0671875 0.178125
5 0.525 0.1421875 0.1140625 0.175
5 0.29375 0.14375 0.0921875 0.1359375
5 0.209375 0.1578125 0.0421875 0.11875
5 0.09375 0.1734375 0.0765625 0.159375
5 0.98125 0.3640625 0.0375 0.178125
5 0.9140625 0.3859375 0.0640625 0.1265625
5 0.81328125 0.40703125 0.053125 0.1234375
5 0.70234375 0.3890625 0.0828125 0.140625
5 0.584375 0.38984375 0.0734375 0.121875
5 0.43046875 0.396875 0.0828125 0.134375
5 0.30625 0.3796875 0.065625 0.109375
5 0.1984375 0.3671875 0.0546875 0.1265625
5 0.09296875 0.36328125 0.0640625 0.121875
5 0.94765625 0.57734375 0.084375 0.1265625
5 0.81875 0.5875 0.0921875 0.1140625
5 0.66171875 0.57578125 0.0734375 0.1203125
5 0.51171875 0.5953125 0.0921875 0.128125
5 0.38046875 0.571875 0.0546875 0.1296875
5 0.2265625 0.55859375 0.0734375 0.13125
5 0.1078125 0.54921875 0.06875 0.1171875
5 0.91640625 0.77109375 0.09375 0.134375
5 0.821875 0.77578125 0.0703125 0.0859375
5 0.71796875 0.77734375 0.06875 0.115625
5 0.6296875 0.76953125 0.06875 0.1078125
5 0.51484375 0.78125 0.0875 0.1375
5 0.38359375 0.7515625 0.0828125 0.1140625
5 0.2671875 0.74765625 0.08125 0.103125
5 0.1609375 0.74921875 0.06875 0.0984375
5 0.0765625 0.73046875 0.075 0.0859375
5 0.8953125 0.94296875 0.0625 0.065625
5 0.8296875 0.9515625 0.0546875 0.0890625
5 0.746875 0.93984375 0.0671875 0.0828125
5 0.67578125 0.94140625 0.059375 0.08125
5 0.59296875 0.92578125 0.0546875 0.071875
5 0.50625 0.9296875 0.065625 0.0765625
5 0.403125 0.90234375 0.046875 0.071875
5 0.30703125 0.8890625 0.053125 0.0921875
5 0.2375 0.890625 0.03125 0.0609375
5 0.159375 0.89765625 0.0421875 0.071875
5 0.08828125 0.884375 0.046875 0.096875
5 0.02734375 0.88828125 0.0375 0.0875