10 0.24921875 0.7296875 0.19375 0.184375
10 0.221875 0.58046875 0.2296875 0.1765625
10 0.1765625 0.26953125 0.2046875 0.2953125
10 0.32734375 0.45078125 0.18125 0.203125
10 0.3859375 0.75859375 0.184375 0.2546875
10 0.50234375 0.73203125 0.196875 0.2453125
10 0.6234375 0.7 0.125 0.2046875
10 0.73359375 0.70078125 0.1390625 0.2
10 0.86640625 0.61875 0.1953125 0.1921875
10 0.76640625 0.4765625 0.2234375 0.2
10 0.68828125 0.35859375 0.2453125 0.2453125
10 0.5078125 0.3109375 0.1265625 0.284375
10 0.521875 0.5328125 0.1984375 0.2265625
10 0.42421875 0.35234375 0.1375 0.2546875