10 0.1734375 0.596875 0.190625 0.18125
10 0.21484375 0.45078125 0.2265625 0.1703125
10 0.31015625 0.1515625 0.196875 0.2921875
10 0.36640625 0.3796875 0.1765625 0.1984375
10 0.28359375 0.6828125 0.178125 0.2515625
10 0.4 0.709375 0.190625 0.2421875
10 0.52265625 0.734375 0.11875 0.203125
10 0.621875 0.7828125 0.1328125 0.196875
10 0.77734375 0.7671875 0.190625 0.1875
10 0.75 0.5953125 0.2203125 0.19375
10 0.73125 0.45546875 0.2390625 0.240625
10 0.58984375 0.33359375 0.11875 0.284375
10 0.50546875 0.5390625 0.1921875 0.221875
10 0.496875 0.334375 0.1296875 0.253125