10 0.20078125 0.3375 0.1625 0.15
10 0.2109375 0.4890625 0.20390625 0.13046875
10 0.2421875 0.8015625 0.14375 0.26875
10 0.34453125 0.58984375 0.14453125 0.17265625
10 0.3265625 0.2765625 0.1328125 0.2296875
10 0.44609375 0.27421875 0.1484375 0.215625
10 0.57109375 0.27578125 0.08125 0.190625
10 0.678125 0.2484375 0.09765625 0.18125
10 0.8265625 0.29609375 0.16171875 0.15703125
10 0.7640625 0.45859375 0.19140625 0.1578125
10 0.7171875 0.59140625 0.2015625 0.203125
10 0.553125 0.68125 0.06171875 0.27734375
10 0.51328125 0.4625 0.15546875 0.19453125
10 0.4625 0.66171875 0.08203125 0.24140625